1200 3 0 0 0 

638.000000000000   0.000000000000   0.000000000000 
  0.000000000000   5.525242000000   0.000000000000 
  0.000000000000   0.000000000000  47.850000000000 

   Mo   0.000000000000   0.000000000000   1.564690000010 
    S   0.000000000000   1.841750999998   0.003460000005 
    S   0.000000000000   1.841750999998   3.125929999995 
   Mo   1.595000000000   2.762621000000   1.564690000010 
    S   1.595000000000   4.604371999998   0.003460000005 
    S   1.595000000000   4.604371999998   3.125929999995 
   Mo   3.190000000000   0.000000000000   1.564690000010 
    S   3.190000000000   1.841750999998   0.003460000005 
    S   3.190000000000   1.841750999998   3.125929999995 
   Mo   4.785000000000   2.762621000000   1.564690000010 
    S   4.785000000000   4.604371999998   0.003460000005 
    S   4.785000000000   4.604371999998   3.125929999995 
   Mo   6.380000000000   0.000000000000   1.564690000010 
    S   6.380000000000   1.841750999998   0.003460000005 
    S   6.380000000000   1.841750999998   3.125929999995 
   Mo   7.975000000000   2.762621000000   1.564690000010 
    S   7.975000000000   4.604371999998   0.003460000005 
    S   7.975000000000   4.604371999998   3.125929999995 
   Mo   9.570000000000   0.000000000000   1.564690000010 
    S   9.570000000000   1.841750999998   0.003460000005 
    S   9.570000000000   1.841750999998   3.125929999995 
   Mo  11.165000000000   2.762621000000   1.564690000010 
    S  11.165000000000   4.604371999998   0.003460000005 
    S  11.165000000000   4.604371999998   3.125929999995 
   Mo  12.760000000000   0.000000000000   1.564690000010 
    S  12.760000000000   1.841750999998   0.003460000005 
    S  12.760000000000   1.841750999998   3.125929999995 
   Mo  14.355000000000   2.762621000000   1.564690000010 
    S  14.355000000000   4.604371999998   0.003460000005 
    S  14.355000000000   4.604371999998   3.125929999995 
   Mo  15.950000000000   0.000000000000   1.564690000010 
    S  15.950000000000   1.841750999998   0.003460000005 
    S  15.950000000000   1.841750999998   3.125929999995 
   Mo  17.545000000000   2.762621000000   1.564690000010 
    S  17.545000000000   4.604371999998   0.003460000005 
    S  17.545000000000   4.604371999998   3.125929999995 
   Mo  19.140000000000   0.000000000000   1.564690000010 
    S  19.140000000000   1.841750999998   0.003460000005 
    S  19.140000000000   1.841750999998   3.125929999995 
   Mo  20.735000000000   2.762621000000   1.564690000010 
    S  20.735000000000   4.604371999998   0.003460000005 
    S  20.735000000000   4.604371999998   3.125929999995 
   Mo  22.330000000000   0.000000000000   1.564690000010 
    S  22.330000000000   1.841750999998   0.003460000005 
    S  22.330000000000   1.841750999998   3.125929999995 
   Mo  23.925000000000   2.762621000000   1.564690000010 
    S  23.925000000000   4.604371999998   0.003460000005 
    S  23.925000000000   4.604371999998   3.125929999995 
   Mo  25.520000000000   0.000000000000   1.564690000010 
    S  25.520000000000   1.841750999998   0.003460000005 
    S  25.520000000000   1.841750999998   3.125929999995 
   Mo  27.115000000000   2.762621000000   1.564690000010 
    S  27.115000000000   4.604371999998   0.003460000005 
    S  27.115000000000   4.604371999998   3.125929999995 
   Mo  28.710000000000   0.000000000000   1.564690000010 
    S  28.710000000000   1.841750999998   0.003460000005 
    S  28.710000000000   1.841750999998   3.125929999995 
   Mo  30.305000000000   2.762621000000   1.564690000010 
    S  30.305000000000   4.604371999998   0.003460000005 
    S  30.305000000000   4.604371999998   3.125929999995 
   Mo  31.900000000000   0.000000000000   1.564690000010 
    S  31.900000000000   1.841750999998   0.003460000005 
    S  31.900000000000   1.841750999998   3.125929999995 
   Mo  33.495000000000   2.762621000000   1.564690000010 
    S  33.495000000000   4.604371999998   0.003460000005 
    S  33.495000000000   4.604371999998   3.125929999995 
   Mo  35.090000000000   0.000000000000   1.564690000010 
    S  35.090000000000   1.841750999998   0.003460000005 
    S  35.090000000000   1.841750999998   3.125929999995 
   Mo  36.685000000000   2.762621000000   1.564690000010 
    S  36.685000000000   4.604371999998   0.003460000005 
    S  36.685000000000   4.604371999998   3.125929999995 
   Mo  38.280000000000   0.000000000000   1.564690000010 
    S  38.280000000000   1.841750999998   0.003460000005 
    S  38.280000000000   1.841750999998   3.125929999995 
   Mo  39.875000000000   2.762621000000   1.564690000010 
    S  39.875000000000   4.604371999998   0.003460000005 
    S  39.875000000000   4.604371999998   3.125929999995 
   Mo  41.470000000000   0.000000000000   1.564690000010 
    S  41.470000000000   1.841750999998   0.003460000005 
    S  41.470000000000   1.841750999998   3.125929999995 
   Mo  43.065000000000   2.762621000000   1.564690000010 
    S  43.065000000000   4.604371999998   0.003460000005 
    S  43.065000000000   4.604371999998   3.125929999995 
   Mo  44.660000000000   0.000000000000   1.564690000010 
    S  44.660000000000   1.841750999998   0.003460000005 
    S  44.660000000000   1.841750999998   3.125929999995 
   Mo  46.255000000000   2.762621000000   1.564690000010 
    S  46.255000000000   4.604371999998   0.003460000005 
    S  46.255000000000   4.604371999998   3.125929999995 
   Mo  47.850000000000   0.000000000000   1.564690000010 
    S  47.850000000000   1.841750999998   0.003460000005 
    S  47.850000000000   1.841750999998   3.125929999995 
   Mo  49.445000000000   2.762621000000   1.564690000010 
    S  49.445000000000   4.604371999998   0.003460000005 
    S  49.445000000000   4.604371999998   3.125929999995 
   Mo  51.040000000000   0.000000000000   1.564690000010 
    S  51.040000000000   1.841750999998   0.003460000005 
    S  51.040000000000   1.841750999998   3.125929999995 
   Mo  52.635000000000   2.762621000000   1.564690000010 
    S  52.635000000000   4.604371999998   0.003460000005 
    S  52.635000000000   4.604371999998   3.125929999995 
   Mo  54.230000000000   0.000000000000   1.564690000010 
    S  54.230000000000   1.841750999998   0.003460000005 
    S  54.230000000000   1.841750999998   3.125929999995 
   Mo  55.825000000000   2.762621000000   1.564690000010 
    S  55.825000000000   4.604371999998   0.003460000005 
    S  55.825000000000   4.604371999998   3.125929999995 
   Mo  57.420000000000   0.000000000000   1.564690000010 
    S  57.420000000000   1.841750999998   0.003460000005 
    S  57.420000000000   1.841750999998   3.125929999995 
   Mo  59.015000000000   2.762621000000   1.564690000010 
    S  59.015000000000   4.604371999998   0.003460000005 
    S  59.015000000000   4.604371999998   3.125929999995 
   Mo  60.610000000000   0.000000000000   1.564690000010 
    S  60.610000000000   1.841750999998   0.003460000005 
    S  60.610000000000   1.841750999998   3.125929999995 
   Mo  62.205000000000   2.762621000000   1.564690000010 
    S  62.205000000000   4.604371999998   0.003460000005 
    S  62.205000000000   4.604371999998   3.125929999995 
   Mo  63.800000000000   0.000000000000   1.564690000010 
    S  63.800000000000   1.841750999998   0.003460000005 
    S  63.800000000000   1.841750999998   3.125929999995 
   Mo  65.395000000000   2.762621000000   1.564690000010 
    S  65.395000000000   4.604371999998   0.003460000005 
    S  65.395000000000   4.604371999998   3.125929999995 
   Mo  66.990000000000   0.000000000000   1.564690000010 
    S  66.990000000000   1.841750999998   0.003460000005 
    S  66.990000000000   1.841750999998   3.125929999995 
   Mo  68.585000000000   2.762621000000   1.564690000010 
    S  68.585000000000   4.604371999998   0.003460000005 
    S  68.585000000000   4.604371999998   3.125929999995 
   Mo  70.180000000000   0.000000000000   1.564690000010 
    S  70.180000000000   1.841750999998   0.003460000005 
    S  70.180000000000   1.841750999998   3.125929999995 
   Mo  71.775000000000   2.762621000000   1.564690000010 
    S  71.775000000000   4.604371999998   0.003460000005 
    S  71.775000000000   4.604371999998   3.125929999995 
   Mo  73.370000000000   0.000000000000   1.564690000010 
    S  73.370000000000   1.841750999998   0.003460000005 
    S  73.370000000000   1.841750999998   3.125929999995 
   Mo  74.965000000000   2.762621000000   1.564690000010 
    S  74.965000000000   4.604371999998   0.003460000005 
    S  74.965000000000   4.604371999998   3.125929999995 
   Mo  76.560000000000   0.000000000000   1.564690000010 
    S  76.560000000000   1.841750999998   0.003460000005 
    S  76.560000000000   1.841750999998   3.125929999995 
   Mo  78.155000000000   2.762621000000   1.564690000010 
    S  78.155000000000   4.604371999998   0.003460000005 
    S  78.155000000000   4.604371999998   3.125929999995 
   Mo  79.750000000000   0.000000000000   1.564690000010 
    S  79.750000000000   1.841750999998   0.003460000005 
    S  79.750000000000   1.841750999998   3.125929999995 
   Mo  81.345000000000   2.762621000000   1.564690000010 
    S  81.345000000000   4.604371999998   0.003460000005 
    S  81.345000000000   4.604371999998   3.125929999995 
   Mo  82.940000000000   0.000000000000   1.564690000010 
    S  82.940000000000   1.841750999998   0.003460000005 
    S  82.940000000000   1.841750999998   3.125929999995 
   Mo  84.535000000000   2.762621000000   1.564690000010 
    S  84.535000000000   4.604371999998   0.003460000005 
    S  84.535000000000   4.604371999998   3.125929999995 
   Mo  86.130000000000   0.000000000000   1.564690000010 
    S  86.130000000000   1.841750999998   0.003460000005 
    S  86.130000000000   1.841750999998   3.125929999995 
   Mo  87.725000000000   2.762621000000   1.564690000010 
    S  87.725000000000   4.604371999998   0.003460000005 
    S  87.725000000000   4.604371999998   3.125929999995 
   Mo  89.320000000000   0.000000000000   1.564690000010 
    S  89.320000000000   1.841750999998   0.003460000005 
    S  89.320000000000   1.841750999998   3.125929999995 
   Mo  90.915000000000   2.762621000000   1.564690000010 
    S  90.915000000000   4.604371999998   0.003460000005 
    S  90.915000000000   4.604371999998   3.125929999995 
   Mo  92.510000000000   0.000000000000   1.564690000010 
    S  92.510000000000   1.841750999998   0.003460000005 
    S  92.510000000000   1.841750999998   3.125929999995 
   Mo  94.105000000000   2.762621000000   1.564690000010 
    S  94.105000000000   4.604371999998   0.003460000005 
    S  94.105000000000   4.604371999998   3.125929999995 
   Mo  95.700000000000   0.000000000000   1.564690000010 
    S  95.700000000000   1.841750999998   0.003460000005 
    S  95.700000000000   1.841750999998   3.125929999995 
   Mo  97.295000000000   2.762621000000   1.564690000010 
    S  97.295000000000   4.604371999998   0.003460000005 
    S  97.295000000000   4.604371999998   3.125929999995 
   Mo  98.890000000000   0.000000000000   1.564690000010 
    S  98.890000000000   1.841750999998   0.003460000005 
    S  98.890000000000   1.841750999998   3.125929999995 
   Mo 100.485000000000   2.762621000000   1.564690000010 
    S 100.485000000000   4.604371999998   0.003460000005 
    S 100.485000000000   4.604371999998   3.125929999995 
   Mo 102.080000000000   0.000000000000   1.564690000010 
    S 102.080000000000   1.841750999998   0.003460000005 
    S 102.080000000000   1.841750999998   3.125929999995 
   Mo 103.675000000000   2.762621000000   1.564690000010 
    S 103.675000000000   4.604371999998   0.003460000005 
    S 103.675000000000   4.604371999998   3.125929999995 
   Mo 105.270000000000   0.000000000000   1.564690000010 
    S 105.270000000000   1.841750999998   0.003460000005 
    S 105.270000000000   1.841750999998   3.125929999995 
   Mo 106.865000000000   2.762621000000   1.564690000010 
    S 106.865000000000   4.604371999998   0.003460000005 
    S 106.865000000000   4.604371999998   3.125929999995 
   Mo 108.460000000000   0.000000000000   1.564690000010 
    S 108.460000000000   1.841750999998   0.003460000005 
    S 108.460000000000   1.841750999998   3.125929999995 
   Mo 110.055000000000   2.762621000000   1.564690000010 
    S 110.055000000000   4.604371999998   0.003460000005 
    S 110.055000000000   4.604371999998   3.125929999995 
   Mo 111.650000000000   0.000000000000   1.564690000010 
    S 111.650000000000   1.841750999998   0.003460000005 
    S 111.650000000000   1.841750999998   3.125929999995 
   Mo 113.245000000000   2.762621000000   1.564690000010 
    S 113.245000000000   4.604371999998   0.003460000005 
    S 113.245000000000   4.604371999998   3.125929999995 
   Mo 114.840000000000   0.000000000000   1.564690000010 
    S 114.840000000000   1.841750999998   0.003460000005 
    S 114.840000000000   1.841750999998   3.125929999995 
   Mo 116.435000000000   2.762621000000   1.564690000010 
    S 116.435000000000   4.604371999998   0.003460000005 
    S 116.435000000000   4.604371999998   3.125929999995 
   Mo 118.030000000000   0.000000000000   1.564690000010 
    S 118.030000000000   1.841750999998   0.003460000005 
    S 118.030000000000   1.841750999998   3.125929999995 
   Mo 119.625000000000   2.762621000000   1.564690000010 
    S 119.625000000000   4.604371999998   0.003460000005 
    S 119.625000000000   4.604371999998   3.125929999995 
   Mo 121.220000000000   0.000000000000   1.564690000010 
    S 121.220000000000   1.841750999998   0.003460000005 
    S 121.220000000000   1.841750999998   3.125929999995 
   Mo 122.815000000000   2.762621000000   1.564690000010 
    S 122.815000000000   4.604371999998   0.003460000005 
    S 122.815000000000   4.604371999998   3.125929999995 
   Mo 124.410000000000   0.000000000000   1.564690000010 
    S 124.410000000000   1.841750999998   0.003460000005 
    S 124.410000000000   1.841750999998   3.125929999995 
   Mo 126.005000000000   2.762621000000   1.564690000010 
    S 126.005000000000   4.604371999998   0.003460000005 
    S 126.005000000000   4.604371999998   3.125929999995 
   Mo 127.600000000000   0.000000000000   1.564690000010 
    S 127.600000000000   1.841750999998   0.003460000005 
    S 127.600000000000   1.841750999998   3.125929999995 
   Mo 129.195000000000   2.762621000000   1.564690000010 
    S 129.195000000000   4.604371999998   0.003460000005 
    S 129.195000000000   4.604371999998   3.125929999995 
   Mo 130.790000000000   0.000000000000   1.564690000010 
    S 130.790000000000   1.841750999998   0.003460000005 
    S 130.790000000000   1.841750999998   3.125929999995 
   Mo 132.385000000000   2.762621000000   1.564690000010 
    S 132.385000000000   4.604371999998   0.003460000005 
    S 132.385000000000   4.604371999998   3.125929999995 
   Mo 133.980000000000   0.000000000000   1.564690000010 
    S 133.980000000000   1.841750999998   0.003460000005 
    S 133.980000000000   1.841750999998   3.125929999995 
   Mo 135.575000000000   2.762621000000   1.564690000010 
    S 135.575000000000   4.604371999998   0.003460000005 
    S 135.575000000000   4.604371999998   3.125929999995 
   Mo 137.170000000000   0.000000000000   1.564690000010 
    S 137.170000000000   1.841750999998   0.003460000005 
    S 137.170000000000   1.841750999998   3.125929999995 
   Mo 138.765000000000   2.762621000000   1.564690000010 
    S 138.765000000000   4.604371999998   0.003460000005 
    S 138.765000000000   4.604371999998   3.125929999995 
   Mo 140.360000000000   0.000000000000   1.564690000010 
    S 140.360000000000   1.841750999998   0.003460000005 
    S 140.360000000000   1.841750999998   3.125929999995 
   Mo 141.955000000000   2.762621000000   1.564690000010 
    S 141.955000000000   4.604371999998   0.003460000005 
    S 141.955000000000   4.604371999998   3.125929999995 
   Mo 143.550000000000   0.000000000000   1.564690000010 
    S 143.550000000000   1.841750999998   0.003460000005 
    S 143.550000000000   1.841750999998   3.125929999995 
   Mo 145.145000000000   2.762621000000   1.564690000010 
    S 145.145000000000   4.604371999998   0.003460000005 
    S 145.145000000000   4.604371999998   3.125929999995 
   Mo 146.740000000000   0.000000000000   1.564690000010 
    S 146.740000000000   1.841750999998   0.003460000005 
    S 146.740000000000   1.841750999998   3.125929999995 
   Mo 148.335000000000   2.762621000000   1.564690000010 
    S 148.335000000000   4.604371999998   0.003460000005 
    S 148.335000000000   4.604371999998   3.125929999995 
   Mo 149.930000000000   0.000000000000   1.564690000010 
    S 149.930000000000   1.841750999998   0.003460000005 
    S 149.930000000000   1.841750999998   3.125929999995 
   Mo 151.525000000000   2.762621000000   1.564690000010 
    S 151.525000000000   4.604371999998   0.003460000005 
    S 151.525000000000   4.604371999998   3.125929999995 
   Mo 153.120000000000   0.000000000000   1.564690000010 
    S 153.120000000000   1.841750999998   0.003460000005 
    S 153.120000000000   1.841750999998   3.125929999995 
   Mo 154.715000000000   2.762621000000   1.564690000010 
    S 154.715000000000   4.604371999998   0.003460000005 
    S 154.715000000000   4.604371999998   3.125929999995 
   Mo 156.310000000000   0.000000000000   1.564690000010 
    S 156.310000000000   1.841750999998   0.003460000005 
    S 156.310000000000   1.841750999998   3.125929999995 
   Mo 157.905000000000   2.762621000000   1.564690000010 
    S 157.905000000000   4.604371999998   0.003460000005 
    S 157.905000000000   4.604371999998   3.125929999995 
   Mo 159.500000000000   0.000000000000   1.564690000010 
    S 159.500000000000   1.841750999998   0.003460000005 
    S 159.500000000000   1.841750999998   3.125929999995 
   Mo 161.095000000000   2.762621000000   1.564690000010 
    S 161.095000000000   4.604371999998   0.003460000005 
    S 161.095000000000   4.604371999998   3.125929999995 
   Mo 162.690000000000   0.000000000000   1.564690000010 
    S 162.690000000000   1.841750999998   0.003460000005 
    S 162.690000000000   1.841750999998   3.125929999995 
   Mo 164.285000000000   2.762621000000   1.564690000010 
    S 164.285000000000   4.604371999998   0.003460000005 
    S 164.285000000000   4.604371999998   3.125929999995 
   Mo 165.880000000000   0.000000000000   1.564690000010 
    S 165.880000000000   1.841750999998   0.003460000005 
    S 165.880000000000   1.841750999998   3.125929999995 
   Mo 167.475000000000   2.762621000000   1.564690000010 
    S 167.475000000000   4.604371999998   0.003460000005 
    S 167.475000000000   4.604371999998   3.125929999995 
   Mo 169.070000000000   0.000000000000   1.564690000010 
    S 169.070000000000   1.841750999998   0.003460000005 
    S 169.070000000000   1.841750999998   3.125929999995 
   Mo 170.665000000000   2.762621000000   1.564690000010 
    S 170.665000000000   4.604371999998   0.003460000005 
    S 170.665000000000   4.604371999998   3.125929999995 
   Mo 172.260000000000   0.000000000000   1.564690000010 
    S 172.260000000000   1.841750999998   0.003460000005 
    S 172.260000000000   1.841750999998   3.125929999995 
   Mo 173.855000000000   2.762621000000   1.564690000010 
    S 173.855000000000   4.604371999998   0.003460000005 
    S 173.855000000000   4.604371999998   3.125929999995 
   Mo 175.450000000000   0.000000000000   1.564690000010 
    S 175.450000000000   1.841750999998   0.003460000005 
    S 175.450000000000   1.841750999998   3.125929999995 
   Mo 177.045000000000   2.762621000000   1.564690000010 
    S 177.045000000000   4.604371999998   0.003460000005 
    S 177.045000000000   4.604371999998   3.125929999995 
   Mo 178.640000000000   0.000000000000   1.564690000010 
    S 178.640000000000   1.841750999998   0.003460000005 
    S 178.640000000000   1.841750999998   3.125929999995 
   Mo 180.235000000000   2.762621000000   1.564690000010 
    S 180.235000000000   4.604371999998   0.003460000005 
    S 180.235000000000   4.604371999998   3.125929999995 
   Mo 181.830000000000   0.000000000000   1.564690000010 
    S 181.830000000000   1.841750999998   0.003460000005 
    S 181.830000000000   1.841750999998   3.125929999995 
   Mo 183.425000000000   2.762621000000   1.564690000010 
    S 183.425000000000   4.604371999998   0.003460000005 
    S 183.425000000000   4.604371999998   3.125929999995 
   Mo 185.020000000000   0.000000000000   1.564690000010 
    S 185.020000000000   1.841750999998   0.003460000005 
    S 185.020000000000   1.841750999998   3.125929999995 
   Mo 186.615000000000   2.762621000000   1.564690000010 
    S 186.615000000000   4.604371999998   0.003460000005 
    S 186.615000000000   4.604371999998   3.125929999995 
   Mo 188.210000000000   0.000000000000   1.564690000010 
    S 188.210000000000   1.841750999998   0.003460000005 
    S 188.210000000000   1.841750999998   3.125929999995 
   Mo 189.805000000000   2.762621000000   1.564690000010 
    S 189.805000000000   4.604371999998   0.003460000005 
    S 189.805000000000   4.604371999998   3.125929999995 
   Mo 191.400000000000   0.000000000000   1.564690000010 
    S 191.400000000000   1.841750999998   0.003460000005 
    S 191.400000000000   1.841750999998   3.125929999995 
   Mo 192.995000000000   2.762621000000   1.564690000010 
    S 192.995000000000   4.604371999998   0.003460000005 
    S 192.995000000000   4.604371999998   3.125929999995 
   Mo 194.590000000000   0.000000000000   1.564690000010 
    S 194.590000000000   1.841750999998   0.003460000005 
    S 194.590000000000   1.841750999998   3.125929999995 
   Mo 196.185000000000   2.762621000000   1.564690000010 
    S 196.185000000000   4.604371999998   0.003460000005 
    S 196.185000000000   4.604371999998   3.125929999995 
   Mo 197.780000000000   0.000000000000   1.564690000010 
    S 197.780000000000   1.841750999998   0.003460000005 
    S 197.780000000000   1.841750999998   3.125929999995 
   Mo 199.375000000000   2.762621000000   1.564690000010 
    S 199.375000000000   4.604371999998   0.003460000005 
    S 199.375000000000   4.604371999998   3.125929999995 
   Mo 200.970000000000   0.000000000000   1.564690000010 
    S 200.970000000000   1.841750999998   0.003460000005 
    S 200.970000000000   1.841750999998   3.125929999995 
   Mo 202.565000000000   2.762621000000   1.564690000010 
    S 202.565000000000   4.604371999998   0.003460000005 
    S 202.565000000000   4.604371999998   3.125929999995 
   Mo 204.160000000000   0.000000000000   1.564690000010 
    S 204.160000000000   1.841750999998   0.003460000005 
    S 204.160000000000   1.841750999998   3.125929999995 
   Mo 205.755000000000   2.762621000000   1.564690000010 
    S 205.755000000000   4.604371999998   0.003460000005 
    S 205.755000000000   4.604371999998   3.125929999995 
   Mo 207.350000000000   0.000000000000   1.564690000010 
    S 207.350000000000   1.841750999998   0.003460000005 
    S 207.350000000000   1.841750999998   3.125929999995 
   Mo 208.945000000000   2.762621000000   1.564690000010 
    S 208.945000000000   4.604371999998   0.003460000005 
    S 208.945000000000   4.604371999998   3.125929999995 
   Mo 210.540000000000   0.000000000000   1.564690000010 
    S 210.540000000000   1.841750999998   0.003460000005 
    S 210.540000000000   1.841750999998   3.125929999995 
   Mo 212.135000000000   2.762621000000   1.564690000010 
    S 212.135000000000   4.604371999998   0.003460000005 
    S 212.135000000000   4.604371999998   3.125929999995 
   Mo 213.730000000000   0.000000000000   1.564690000010 
    S 213.730000000000   1.841750999998   0.003460000005 
    S 213.730000000000   1.841750999998   3.125929999995 
   Mo 215.325000000000   2.762621000000   1.564690000010 
    S 215.325000000000   4.604371999998   0.003460000005 
    S 215.325000000000   4.604371999998   3.125929999995 
   Mo 216.920000000000   0.000000000000   1.564690000010 
    S 216.920000000000   1.841750999998   0.003460000005 
    S 216.920000000000   1.841750999998   3.125929999995 
   Mo 218.515000000000   2.762621000000   1.564690000010 
    S 218.515000000000   4.604371999998   0.003460000005 
    S 218.515000000000   4.604371999998   3.125929999995 
   Mo 220.110000000000   0.000000000000   1.564690000010 
    S 220.110000000000   1.841750999998   0.003460000005 
    S 220.110000000000   1.841750999998   3.125929999995 
   Mo 221.705000000000   2.762621000000   1.564690000010 
    S 221.705000000000   4.604371999998   0.003460000005 
    S 221.705000000000   4.604371999998   3.125929999995 
   Mo 223.300000000000   0.000000000000   1.564690000010 
    S 223.300000000000   1.841750999998   0.003460000005 
    S 223.300000000000   1.841750999998   3.125929999995 
   Mo 224.895000000000   2.762621000000   1.564690000010 
    S 224.895000000000   4.604371999998   0.003460000005 
    S 224.895000000000   4.604371999998   3.125929999995 
   Mo 226.490000000000   0.000000000000   1.564690000010 
    S 226.490000000000   1.841750999998   0.003460000005 
    S 226.490000000000   1.841750999998   3.125929999995 
   Mo 228.085000000000   2.762621000000   1.564690000010 
    S 228.085000000000   4.604371999998   0.003460000005 
    S 228.085000000000   4.604371999998   3.125929999995 
   Mo 229.680000000000   0.000000000000   1.564690000010 
    S 229.680000000000   1.841750999998   0.003460000005 
    S 229.680000000000   1.841750999998   3.125929999995 
   Mo 231.275000000000   2.762621000000   1.564690000010 
    S 231.275000000000   4.604371999998   0.003460000005 
    S 231.275000000000   4.604371999998   3.125929999995 
   Mo 232.870000000000   0.000000000000   1.564690000010 
    S 232.870000000000   1.841750999998   0.003460000005 
    S 232.870000000000   1.841750999998   3.125929999995 
   Mo 234.465000000000   2.762621000000   1.564690000010 
    S 234.465000000000   4.604371999998   0.003460000005 
    S 234.465000000000   4.604371999998   3.125929999995 
   Mo 236.060000000000   0.000000000000   1.564690000010 
    S 236.060000000000   1.841750999998   0.003460000005 
    S 236.060000000000   1.841750999998   3.125929999995 
   Mo 237.655000000000   2.762621000000   1.564690000010 
    S 237.655000000000   4.604371999998   0.003460000005 
    S 237.655000000000   4.604371999998   3.125929999995 
   Mo 239.250000000000   0.000000000000   1.564690000010 
    S 239.250000000000   1.841750999998   0.003460000005 
    S 239.250000000000   1.841750999998   3.125929999995 
   Mo 240.845000000000   2.762621000000   1.564690000010 
    S 240.845000000000   4.604371999998   0.003460000005 
    S 240.845000000000   4.604371999998   3.125929999995 
   Mo 242.440000000000   0.000000000000   1.564690000010 
    S 242.440000000000   1.841750999998   0.003460000005 
    S 242.440000000000   1.841750999998   3.125929999995 
   Mo 244.035000000000   2.762621000000   1.564690000010 
    S 244.035000000000   4.604371999998   0.003460000005 
    S 244.035000000000   4.604371999998   3.125929999995 
   Mo 245.630000000000   0.000000000000   1.564690000010 
    S 245.630000000000   1.841750999998   0.003460000005 
    S 245.630000000000   1.841750999998   3.125929999995 
   Mo 247.225000000000   2.762621000000   1.564690000010 
    S 247.225000000000   4.604371999998   0.003460000005 
    S 247.225000000000   4.604371999998   3.125929999995 
   Mo 248.820000000000   0.000000000000   1.564690000010 
    S 248.820000000000   1.841750999998   0.003460000005 
    S 248.820000000000   1.841750999998   3.125929999995 
   Mo 250.415000000000   2.762621000000   1.564690000010 
    S 250.415000000000   4.604371999998   0.003460000005 
    S 250.415000000000   4.604371999998   3.125929999995 
   Mo 252.010000000000   0.000000000000   1.564690000010 
    S 252.010000000000   1.841750999998   0.003460000005 
    S 252.010000000000   1.841750999998   3.125929999995 
   Mo 253.605000000000   2.762621000000   1.564690000010 
    S 253.605000000000   4.604371999998   0.003460000005 
    S 253.605000000000   4.604371999998   3.125929999995 
   Mo 255.200000000000   0.000000000000   1.564690000010 
    S 255.200000000000   1.841750999998   0.003460000005 
    S 255.200000000000   1.841750999998   3.125929999995 
   Mo 256.795000000000   2.762621000000   1.564690000010 
    S 256.795000000000   4.604371999998   0.003460000005 
    S 256.795000000000   4.604371999998   3.125929999995 
   Mo 258.390000000000   0.000000000000   1.564690000010 
    S 258.390000000000   1.841750999998   0.003460000005 
    S 258.390000000000   1.841750999998   3.125929999995 
   Mo 259.985000000000   2.762621000000   1.564690000010 
    S 259.985000000000   4.604371999998   0.003460000005 
    S 259.985000000000   4.604371999998   3.125929999995 
   Mo 261.580000000000   0.000000000000   1.564690000010 
    S 261.580000000000   1.841750999998   0.003460000005 
    S 261.580000000000   1.841750999998   3.125929999995 
   Mo 263.175000000000   2.762621000000   1.564690000010 
    S 263.175000000000   4.604371999998   0.003460000005 
    S 263.175000000000   4.604371999998   3.125929999995 
   Mo 264.770000000000   0.000000000000   1.564690000010 
    S 264.770000000000   1.841750999998   0.003460000005 
    S 264.770000000000   1.841750999998   3.125929999995 
   Mo 266.365000000000   2.762621000000   1.564690000010 
    S 266.365000000000   4.604371999998   0.003460000005 
    S 266.365000000000   4.604371999998   3.125929999995 
   Mo 267.960000000000   0.000000000000   1.564690000010 
    S 267.960000000000   1.841750999998   0.003460000005 
    S 267.960000000000   1.841750999998   3.125929999995 
   Mo 269.555000000000   2.762621000000   1.564690000010 
    S 269.555000000000   4.604371999998   0.003460000005 
    S 269.555000000000   4.604371999998   3.125929999995 
   Mo 271.150000000000   0.000000000000   1.564690000010 
    S 271.150000000000   1.841750999998   0.003460000005 
    S 271.150000000000   1.841750999998   3.125929999995 
   Mo 272.745000000000   2.762621000000   1.564690000010 
    S 272.745000000000   4.604371999998   0.003460000005 
    S 272.745000000000   4.604371999998   3.125929999995 
   Mo 274.340000000000   0.000000000000   1.564690000010 
    S 274.340000000000   1.841750999998   0.003460000005 
    S 274.340000000000   1.841750999998   3.125929999995 
   Mo 275.935000000000   2.762621000000   1.564690000010 
    S 275.935000000000   4.604371999998   0.003460000005 
    S 275.935000000000   4.604371999998   3.125929999995 
   Mo 277.530000000000   0.000000000000   1.564690000010 
    S 277.530000000000   1.841750999998   0.003460000005 
    S 277.530000000000   1.841750999998   3.125929999995 
   Mo 279.125000000000   2.762621000000   1.564690000010 
    S 279.125000000000   4.604371999998   0.003460000005 
    S 279.125000000000   4.604371999998   3.125929999995 
   Mo 280.720000000000   0.000000000000   1.564690000010 
    S 280.720000000000   1.841750999998   0.003460000005 
    S 280.720000000000   1.841750999998   3.125929999995 
   Mo 282.315000000000   2.762621000000   1.564690000010 
    S 282.315000000000   4.604371999998   0.003460000005 
    S 282.315000000000   4.604371999998   3.125929999995 
   Mo 283.910000000000   0.000000000000   1.564690000010 
    S 283.910000000000   1.841750999998   0.003460000005 
    S 283.910000000000   1.841750999998   3.125929999995 
   Mo 285.505000000000   2.762621000000   1.564690000010 
    S 285.505000000000   4.604371999998   0.003460000005 
    S 285.505000000000   4.604371999998   3.125929999995 
   Mo 287.100000000000   0.000000000000   1.564690000010 
    S 287.100000000000   1.841750999998   0.003460000005 
    S 287.100000000000   1.841750999998   3.125929999995 
   Mo 288.695000000000   2.762621000000   1.564690000010 
    S 288.695000000000   4.604371999998   0.003460000005 
    S 288.695000000000   4.604371999998   3.125929999995 
   Mo 290.290000000000   0.000000000000   1.564690000010 
    S 290.290000000000   1.841750999998   0.003460000005 
    S 290.290000000000   1.841750999998   3.125929999995 
   Mo 291.885000000000   2.762621000000   1.564690000010 
    S 291.885000000000   4.604371999998   0.003460000005 
    S 291.885000000000   4.604371999998   3.125929999995 
   Mo 293.480000000000   0.000000000000   1.564690000010 
    S 293.480000000000   1.841750999998   0.003460000005 
    S 293.480000000000   1.841750999998   3.125929999995 
   Mo 295.075000000000   2.762621000000   1.564690000010 
    S 295.075000000000   4.604371999998   0.003460000005 
    S 295.075000000000   4.604371999998   3.125929999995 
   Mo 296.670000000000   0.000000000000   1.564690000010 
    S 296.670000000000   1.841750999998   0.003460000005 
    S 296.670000000000   1.841750999998   3.125929999995 
   Mo 298.265000000000   2.762621000000   1.564690000010 
    S 298.265000000000   4.604371999998   0.003460000005 
    S 298.265000000000   4.604371999998   3.125929999995 
   Mo 299.860000000000   0.000000000000   1.564690000010 
    S 299.860000000000   1.841750999998   0.003460000005 
    S 299.860000000000   1.841750999998   3.125929999995 
   Mo 301.455000000000   2.762621000000   1.564690000010 
    S 301.455000000000   4.604371999998   0.003460000005 
    S 301.455000000000   4.604371999998   3.125929999995 
   Mo 303.050000000000   0.000000000000   1.564690000010 
    S 303.050000000000   1.841750999998   0.003460000005 
    S 303.050000000000   1.841750999998   3.125929999995 
   Mo 304.645000000000   2.762621000000   1.564690000010 
    S 304.645000000000   4.604371999998   0.003460000005 
    S 304.645000000000   4.604371999998   3.125929999995 
   Mo 306.240000000000   0.000000000000   1.564690000010 
    S 306.240000000000   1.841750999998   0.003460000005 
    S 306.240000000000   1.841750999998   3.125929999995 
   Mo 307.835000000000   2.762621000000   1.564690000010 
    S 307.835000000000   4.604371999998   0.003460000005 
    S 307.835000000000   4.604371999998   3.125929999995 
   Mo 309.430000000000   0.000000000000   1.564690000010 
    S 309.430000000000   1.841750999998   0.003460000005 
    S 309.430000000000   1.841750999998   3.125929999995 
   Mo 311.025000000000   2.762621000000   1.564690000010 
    S 311.025000000000   4.604371999998   0.003460000005 
    S 311.025000000000   4.604371999998   3.125929999995 
   Mo 312.620000000000   0.000000000000   1.564690000010 
    S 312.620000000000   1.841750999998   0.003460000005 
    S 312.620000000000   1.841750999998   3.125929999995 
   Mo 314.215000000000   2.762621000000   1.564690000010 
    S 314.215000000000   4.604371999998   0.003460000005 
    S 314.215000000000   4.604371999998   3.125929999995 
   Mo 315.810000000000   0.000000000000   1.564690000010 
    S 315.810000000000   1.841750999998   0.003460000005 
    S 315.810000000000   1.841750999998   3.125929999995 
   Mo 317.405000000000   2.762621000000   1.564690000010 
    S 317.405000000000   4.604371999998   0.003460000005 
    S 317.405000000000   4.604371999998   3.125929999995 
   Mo 319.000000000000   0.000000000000   1.564690000010 
    S 319.000000000000   1.841750999998   0.003460000005 
    S 319.000000000000   1.841750999998   3.125929999995 
   Mo 320.595000000000   2.762621000000   1.564690000010 
    S 320.595000000000   4.604371999998   0.003460000005 
    S 320.595000000000   4.604371999998   3.125929999995 
   Mo 322.190000000000   0.000000000000   1.564690000010 
    S 322.190000000000   1.841750999998   0.003460000005 
    S 322.190000000000   1.841750999998   3.125929999995 
   Mo 323.785000000000   2.762621000000   1.564690000010 
    S 323.785000000000   4.604371999998   0.003460000005 
    S 323.785000000000   4.604371999998   3.125929999995 
   Mo 325.380000000000   0.000000000000   1.564690000010 
    S 325.380000000000   1.841750999998   0.003460000005 
    S 325.380000000000   1.841750999998   3.125929999995 
   Mo 326.975000000000   2.762621000000   1.564690000010 
    S 326.975000000000   4.604371999998   0.003460000005 
    S 326.975000000000   4.604371999998   3.125929999995 
   Mo 328.570000000000   0.000000000000   1.564690000010 
    S 328.570000000000   1.841750999998   0.003460000005 
    S 328.570000000000   1.841750999998   3.125929999995 
   Mo 330.165000000000   2.762621000000   1.564690000010 
    S 330.165000000000   4.604371999998   0.003460000005 
    S 330.165000000000   4.604371999998   3.125929999995 
   Mo 331.760000000000   0.000000000000   1.564690000010 
    S 331.760000000000   1.841750999998   0.003460000005 
    S 331.760000000000   1.841750999998   3.125929999995 
   Mo 333.355000000000   2.762621000000   1.564690000010 
    S 333.355000000000   4.604371999998   0.003460000005 
    S 333.355000000000   4.604371999998   3.125929999995 
   Mo 334.950000000000   0.000000000000   1.564690000010 
    S 334.950000000000   1.841750999998   0.003460000005 
    S 334.950000000000   1.841750999998   3.125929999995 
   Mo 336.545000000000   2.762621000000   1.564690000010 
    S 336.545000000000   4.604371999998   0.003460000005 
    S 336.545000000000   4.604371999998   3.125929999995 
   Mo 338.140000000000   0.000000000000   1.564690000010 
    S 338.140000000000   1.841750999998   0.003460000005 
    S 338.140000000000   1.841750999998   3.125929999995 
   Mo 339.735000000000   2.762621000000   1.564690000010 
    S 339.735000000000   4.604371999998   0.003460000005 
    S 339.735000000000   4.604371999998   3.125929999995 
   Mo 341.330000000000   0.000000000000   1.564690000010 
    S 341.330000000000   1.841750999998   0.003460000005 
    S 341.330000000000   1.841750999998   3.125929999995 
   Mo 342.925000000000   2.762621000000   1.564690000010 
    S 342.925000000000   4.604371999998   0.003460000005 
    S 342.925000000000   4.604371999998   3.125929999995 
   Mo 344.520000000000   0.000000000000   1.564690000010 
    S 344.520000000000   1.841750999998   0.003460000005 
    S 344.520000000000   1.841750999998   3.125929999995 
   Mo 346.115000000000   2.762621000000   1.564690000010 
    S 346.115000000000   4.604371999998   0.003460000005 
    S 346.115000000000   4.604371999998   3.125929999995 
   Mo 347.710000000000   0.000000000000   1.564690000010 
    S 347.710000000000   1.841750999998   0.003460000005 
    S 347.710000000000   1.841750999998   3.125929999995 
   Mo 349.305000000000   2.762621000000   1.564690000010 
    S 349.305000000000   4.604371999998   0.003460000005 
    S 349.305000000000   4.604371999998   3.125929999995 
   Mo 350.900000000000   0.000000000000   1.564690000010 
    S 350.900000000000   1.841750999998   0.003460000005 
    S 350.900000000000   1.841750999998   3.125929999995 
   Mo 352.495000000000   2.762621000000   1.564690000010 
    S 352.495000000000   4.604371999998   0.003460000005 
    S 352.495000000000   4.604371999998   3.125929999995 
   Mo 354.090000000000   0.000000000000   1.564690000010 
    S 354.090000000000   1.841750999998   0.003460000005 
    S 354.090000000000   1.841750999998   3.125929999995 
   Mo 355.685000000000   2.762621000000   1.564690000010 
    S 355.685000000000   4.604371999998   0.003460000005 
    S 355.685000000000   4.604371999998   3.125929999995 
   Mo 357.280000000000   0.000000000000   1.564690000010 
    S 357.280000000000   1.841750999998   0.003460000005 
    S 357.280000000000   1.841750999998   3.125929999995 
   Mo 358.875000000000   2.762621000000   1.564690000010 
    S 358.875000000000   4.604371999998   0.003460000005 
    S 358.875000000000   4.604371999998   3.125929999995 
   Mo 360.470000000000   0.000000000000   1.564690000010 
    S 360.470000000000   1.841750999998   0.003460000005 
    S 360.470000000000   1.841750999998   3.125929999995 
   Mo 362.065000000000   2.762621000000   1.564690000010 
    S 362.065000000000   4.604371999998   0.003460000005 
    S 362.065000000000   4.604371999998   3.125929999995 
   Mo 363.660000000000   0.000000000000   1.564690000010 
    S 363.660000000000   1.841750999998   0.003460000005 
    S 363.660000000000   1.841750999998   3.125929999995 
   Mo 365.255000000000   2.762621000000   1.564690000010 
    S 365.255000000000   4.604371999998   0.003460000005 
    S 365.255000000000   4.604371999998   3.125929999995 
   Mo 366.850000000000   0.000000000000   1.564690000010 
    S 366.850000000000   1.841750999998   0.003460000005 
    S 366.850000000000   1.841750999998   3.125929999995 
   Mo 368.445000000000   2.762621000000   1.564690000010 
    S 368.445000000000   4.604371999998   0.003460000005 
    S 368.445000000000   4.604371999998   3.125929999995 
   Mo 370.040000000000   0.000000000000   1.564690000010 
    S 370.040000000000   1.841750999998   0.003460000005 
    S 370.040000000000   1.841750999998   3.125929999995 
   Mo 371.635000000000   2.762621000000   1.564690000010 
    S 371.635000000000   4.604371999998   0.003460000005 
    S 371.635000000000   4.604371999998   3.125929999995 
   Mo 373.230000000000   0.000000000000   1.564690000010 
    S 373.230000000000   1.841750999998   0.003460000005 
    S 373.230000000000   1.841750999998   3.125929999995 
   Mo 374.825000000000   2.762621000000   1.564690000010 
    S 374.825000000000   4.604371999998   0.003460000005 
    S 374.825000000000   4.604371999998   3.125929999995 
   Mo 376.420000000000   0.000000000000   1.564690000010 
    S 376.420000000000   1.841750999998   0.003460000005 
    S 376.420000000000   1.841750999998   3.125929999995 
   Mo 378.015000000000   2.762621000000   1.564690000010 
    S 378.015000000000   4.604371999998   0.003460000005 
    S 378.015000000000   4.604371999998   3.125929999995 
   Mo 379.610000000000   0.000000000000   1.564690000010 
    S 379.610000000000   1.841750999998   0.003460000005 
    S 379.610000000000   1.841750999998   3.125929999995 
   Mo 381.205000000000   2.762621000000   1.564690000010 
    S 381.205000000000   4.604371999998   0.003460000005 
    S 381.205000000000   4.604371999998   3.125929999995 
   Mo 382.800000000000   0.000000000000   1.564690000010 
    S 382.800000000000   1.841750999998   0.003460000005 
    S 382.800000000000   1.841750999998   3.125929999995 
   Mo 384.395000000000   2.762621000000   1.564690000010 
    S 384.395000000000   4.604371999998   0.003460000005 
    S 384.395000000000   4.604371999998   3.125929999995 
   Mo 385.990000000000   0.000000000000   1.564690000010 
    S 385.990000000000   1.841750999998   0.003460000005 
    S 385.990000000000   1.841750999998   3.125929999995 
   Mo 387.585000000000   2.762621000000   1.564690000010 
    S 387.585000000000   4.604371999998   0.003460000005 
    S 387.585000000000   4.604371999998   3.125929999995 
   Mo 389.180000000000   0.000000000000   1.564690000010 
    S 389.180000000000   1.841750999998   0.003460000005 
    S 389.180000000000   1.841750999998   3.125929999995 
   Mo 390.775000000000   2.762621000000   1.564690000010 
    S 390.775000000000   4.604371999998   0.003460000005 
    S 390.775000000000   4.604371999998   3.125929999995 
   Mo 392.370000000000   0.000000000000   1.564690000010 
    S 392.370000000000   1.841750999998   0.003460000005 
    S 392.370000000000   1.841750999998   3.125929999995 
   Mo 393.965000000000   2.762621000000   1.564690000010 
    S 393.965000000000   4.604371999998   0.003460000005 
    S 393.965000000000   4.604371999998   3.125929999995 
   Mo 395.560000000000   0.000000000000   1.564690000010 
    S 395.560000000000   1.841750999998   0.003460000005 
    S 395.560000000000   1.841750999998   3.125929999995 
   Mo 397.155000000000   2.762621000000   1.564690000010 
    S 397.155000000000   4.604371999998   0.003460000005 
    S 397.155000000000   4.604371999998   3.125929999995 
   Mo 398.750000000000   0.000000000000   1.564690000010 
    S 398.750000000000   1.841750999998   0.003460000005 
    S 398.750000000000   1.841750999998   3.125929999995 
   Mo 400.345000000000   2.762621000000   1.564690000010 
    S 400.345000000000   4.604371999998   0.003460000005 
    S 400.345000000000   4.604371999998   3.125929999995 
   Mo 401.940000000000   0.000000000000   1.564690000010 
    S 401.940000000000   1.841750999998   0.003460000005 
    S 401.940000000000   1.841750999998   3.125929999995 
   Mo 403.535000000000   2.762621000000   1.564690000010 
    S 403.535000000000   4.604371999998   0.003460000005 
    S 403.535000000000   4.604371999998   3.125929999995 
   Mo 405.130000000000   0.000000000000   1.564690000010 
    S 405.130000000000   1.841750999998   0.003460000005 
    S 405.130000000000   1.841750999998   3.125929999995 
   Mo 406.725000000000   2.762621000000   1.564690000010 
    S 406.725000000000   4.604371999998   0.003460000005 
    S 406.725000000000   4.604371999998   3.125929999995 
   Mo 408.320000000000   0.000000000000   1.564690000010 
    S 408.320000000000   1.841750999998   0.003460000005 
    S 408.320000000000   1.841750999998   3.125929999995 
   Mo 409.915000000000   2.762621000000   1.564690000010 
    S 409.915000000000   4.604371999998   0.003460000005 
    S 409.915000000000   4.604371999998   3.125929999995 
   Mo 411.510000000000   0.000000000000   1.564690000010 
    S 411.510000000000   1.841750999998   0.003460000005 
    S 411.510000000000   1.841750999998   3.125929999995 
   Mo 413.105000000000   2.762621000000   1.564690000010 
    S 413.105000000000   4.604371999998   0.003460000005 
    S 413.105000000000   4.604371999998   3.125929999995 
   Mo 414.700000000000   0.000000000000   1.564690000010 
    S 414.700000000000   1.841750999998   0.003460000005 
    S 414.700000000000   1.841750999998   3.125929999995 
   Mo 416.295000000000   2.762621000000   1.564690000010 
    S 416.295000000000   4.604371999998   0.003460000005 
    S 416.295000000000   4.604371999998   3.125929999995 
   Mo 417.890000000000   0.000000000000   1.564690000010 
    S 417.890000000000   1.841750999998   0.003460000005 
    S 417.890000000000   1.841750999998   3.125929999995 
   Mo 419.485000000000   2.762621000000   1.564690000010 
    S 419.485000000000   4.604371999998   0.003460000005 
    S 419.485000000000   4.604371999998   3.125929999995 
   Mo 421.080000000000   0.000000000000   1.564690000010 
    S 421.080000000000   1.841750999998   0.003460000005 
    S 421.080000000000   1.841750999998   3.125929999995 
   Mo 422.675000000000   2.762621000000   1.564690000010 
    S 422.675000000000   4.604371999998   0.003460000005 
    S 422.675000000000   4.604371999998   3.125929999995 
   Mo 424.270000000000   0.000000000000   1.564690000010 
    S 424.270000000000   1.841750999998   0.003460000005 
    S 424.270000000000   1.841750999998   3.125929999995 
   Mo 425.865000000000   2.762621000000   1.564690000010 
    S 425.865000000000   4.604371999998   0.003460000005 
    S 425.865000000000   4.604371999998   3.125929999995 
   Mo 427.460000000000   0.000000000000   1.564690000010 
    S 427.460000000000   1.841750999998   0.003460000005 
    S 427.460000000000   1.841750999998   3.125929999995 
   Mo 429.055000000000   2.762621000000   1.564690000010 
    S 429.055000000000   4.604371999998   0.003460000005 
    S 429.055000000000   4.604371999998   3.125929999995 
   Mo 430.650000000000   0.000000000000   1.564690000010 
    S 430.650000000000   1.841750999998   0.003460000005 
    S 430.650000000000   1.841750999998   3.125929999995 
   Mo 432.245000000000   2.762621000000   1.564690000010 
    S 432.245000000000   4.604371999998   0.003460000005 
    S 432.245000000000   4.604371999998   3.125929999995 
   Mo 433.840000000000   0.000000000000   1.564690000010 
    S 433.840000000000   1.841750999998   0.003460000005 
    S 433.840000000000   1.841750999998   3.125929999995 
   Mo 435.435000000000   2.762621000000   1.564690000010 
    S 435.435000000000   4.604371999998   0.003460000005 
    S 435.435000000000   4.604371999998   3.125929999995 
   Mo 437.030000000000   0.000000000000   1.564690000010 
    S 437.030000000000   1.841750999998   0.003460000005 
    S 437.030000000000   1.841750999998   3.125929999995 
   Mo 438.625000000000   2.762621000000   1.564690000010 
    S 438.625000000000   4.604371999998   0.003460000005 
    S 438.625000000000   4.604371999998   3.125929999995 
   Mo 440.220000000000   0.000000000000   1.564690000010 
    S 440.220000000000   1.841750999998   0.003460000005 
    S 440.220000000000   1.841750999998   3.125929999995 
   Mo 441.815000000000   2.762621000000   1.564690000010 
    S 441.815000000000   4.604371999998   0.003460000005 
    S 441.815000000000   4.604371999998   3.125929999995 
   Mo 443.410000000000   0.000000000000   1.564690000010 
    S 443.410000000000   1.841750999998   0.003460000005 
    S 443.410000000000   1.841750999998   3.125929999995 
   Mo 445.005000000000   2.762621000000   1.564690000010 
    S 445.005000000000   4.604371999998   0.003460000005 
    S 445.005000000000   4.604371999998   3.125929999995 
   Mo 446.600000000000   0.000000000000   1.564690000010 
    S 446.600000000000   1.841750999998   0.003460000005 
    S 446.600000000000   1.841750999998   3.125929999995 
   Mo 448.195000000000   2.762621000000   1.564690000010 
    S 448.195000000000   4.604371999998   0.003460000005 
    S 448.195000000000   4.604371999998   3.125929999995 
   Mo 449.790000000000   0.000000000000   1.564690000010 
    S 449.790000000000   1.841750999998   0.003460000005 
    S 449.790000000000   1.841750999998   3.125929999995 
   Mo 451.385000000000   2.762621000000   1.564690000010 
    S 451.385000000000   4.604371999998   0.003460000005 
    S 451.385000000000   4.604371999998   3.125929999995 
   Mo 452.980000000000   0.000000000000   1.564690000010 
    S 452.980000000000   1.841750999998   0.003460000005 
    S 452.980000000000   1.841750999998   3.125929999995 
   Mo 454.575000000000   2.762621000000   1.564690000010 
    S 454.575000000000   4.604371999998   0.003460000005 
    S 454.575000000000   4.604371999998   3.125929999995 
   Mo 456.170000000000   0.000000000000   1.564690000010 
    S 456.170000000000   1.841750999998   0.003460000005 
    S 456.170000000000   1.841750999998   3.125929999995 
   Mo 457.765000000000   2.762621000000   1.564690000010 
    S 457.765000000000   4.604371999998   0.003460000005 
    S 457.765000000000   4.604371999998   3.125929999995 
   Mo 459.360000000000   0.000000000000   1.564690000010 
    S 459.360000000000   1.841750999998   0.003460000005 
    S 459.360000000000   1.841750999998   3.125929999995 
   Mo 460.955000000000   2.762621000000   1.564690000010 
    S 460.955000000000   4.604371999998   0.003460000005 
    S 460.955000000000   4.604371999998   3.125929999995 
   Mo 462.550000000000   0.000000000000   1.564690000010 
    S 462.550000000000   1.841750999998   0.003460000005 
    S 462.550000000000   1.841750999998   3.125929999995 
   Mo 464.145000000000   2.762621000000   1.564690000010 
    S 464.145000000000   4.604371999998   0.003460000005 
    S 464.145000000000   4.604371999998   3.125929999995 
   Mo 465.740000000000   0.000000000000   1.564690000010 
    S 465.740000000000   1.841750999998   0.003460000005 
    S 465.740000000000   1.841750999998   3.125929999995 
   Mo 467.335000000000   2.762621000000   1.564690000010 
    S 467.335000000000   4.604371999998   0.003460000005 
    S 467.335000000000   4.604371999998   3.125929999995 
   Mo 468.930000000000   0.000000000000   1.564690000010 
    S 468.930000000000   1.841750999998   0.003460000005 
    S 468.930000000000   1.841750999998   3.125929999995 
   Mo 470.525000000000   2.762621000000   1.564690000010 
    S 470.525000000000   4.604371999998   0.003460000005 
    S 470.525000000000   4.604371999998   3.125929999995 
   Mo 472.120000000000   0.000000000000   1.564690000010 
    S 472.120000000000   1.841750999998   0.003460000005 
    S 472.120000000000   1.841750999998   3.125929999995 
   Mo 473.715000000000   2.762621000000   1.564690000010 
    S 473.715000000000   4.604371999998   0.003460000005 
    S 473.715000000000   4.604371999998   3.125929999995 
   Mo 475.310000000000   0.000000000000   1.564690000010 
    S 475.310000000000   1.841750999998   0.003460000005 
    S 475.310000000000   1.841750999998   3.125929999995 
   Mo 476.905000000000   2.762621000000   1.564690000010 
    S 476.905000000000   4.604371999998   0.003460000005 
    S 476.905000000000   4.604371999998   3.125929999995 
   Mo 478.500000000000   0.000000000000   1.564690000010 
    S 478.500000000000   1.841750999998   0.003460000005 
    S 478.500000000000   1.841750999998   3.125929999995 
   Mo 480.095000000000   2.762621000000   1.564690000010 
    S 480.095000000000   4.604371999998   0.003460000005 
    S 480.095000000000   4.604371999998   3.125929999995 
   Mo 481.690000000000   0.000000000000   1.564690000010 
    S 481.690000000000   1.841750999998   0.003460000005 
    S 481.690000000000   1.841750999998   3.125929999995 
   Mo 483.285000000000   2.762621000000   1.564690000010 
    S 483.285000000000   4.604371999998   0.003460000005 
    S 483.285000000000   4.604371999998   3.125929999995 
   Mo 484.880000000000   0.000000000000   1.564690000010 
    S 484.880000000000   1.841750999998   0.003460000005 
    S 484.880000000000   1.841750999998   3.125929999995 
   Mo 486.475000000000   2.762621000000   1.564690000010 
    S 486.475000000000   4.604371999998   0.003460000005 
    S 486.475000000000   4.604371999998   3.125929999995 
   Mo 488.070000000000   0.000000000000   1.564690000010 
    S 488.070000000000   1.841750999998   0.003460000005 
    S 488.070000000000   1.841750999998   3.125929999995 
   Mo 489.665000000000   2.762621000000   1.564690000010 
    S 489.665000000000   4.604371999998   0.003460000005 
    S 489.665000000000   4.604371999998   3.125929999995 
   Mo 491.260000000000   0.000000000000   1.564690000010 
    S 491.260000000000   1.841750999998   0.003460000005 
    S 491.260000000000   1.841750999998   3.125929999995 
   Mo 492.855000000000   2.762621000000   1.564690000010 
    S 492.855000000000   4.604371999998   0.003460000005 
    S 492.855000000000   4.604371999998   3.125929999995 
   Mo 494.450000000000   0.000000000000   1.564690000010 
    S 494.450000000000   1.841750999998   0.003460000005 
    S 494.450000000000   1.841750999998   3.125929999995 
   Mo 496.045000000000   2.762621000000   1.564690000010 
    S 496.045000000000   4.604371999998   0.003460000005 
    S 496.045000000000   4.604371999998   3.125929999995 
   Mo 497.640000000000   0.000000000000   1.564690000010 
    S 497.640000000000   1.841750999998   0.003460000005 
    S 497.640000000000   1.841750999998   3.125929999995 
   Mo 499.235000000000   2.762621000000   1.564690000010 
    S 499.235000000000   4.604371999998   0.003460000005 
    S 499.235000000000   4.604371999998   3.125929999995 
   Mo 500.830000000000   0.000000000000   1.564690000010 
    S 500.830000000000   1.841750999998   0.003460000005 
    S 500.830000000000   1.841750999998   3.125929999995 
   Mo 502.425000000000   2.762621000000   1.564690000010 
    S 502.425000000000   4.604371999998   0.003460000005 
    S 502.425000000000   4.604371999998   3.125929999995 
   Mo 504.020000000000   0.000000000000   1.564690000010 
    S 504.020000000000   1.841750999998   0.003460000005 
    S 504.020000000000   1.841750999998   3.125929999995 
   Mo 505.615000000000   2.762621000000   1.564690000010 
    S 505.615000000000   4.604371999998   0.003460000005 
    S 505.615000000000   4.604371999998   3.125929999995 
   Mo 507.210000000000   0.000000000000   1.564690000010 
    S 507.210000000000   1.841750999998   0.003460000005 
    S 507.210000000000   1.841750999998   3.125929999995 
   Mo 508.805000000000   2.762621000000   1.564690000010 
    S 508.805000000000   4.604371999998   0.003460000005 
    S 508.805000000000   4.604371999998   3.125929999995 
   Mo 510.400000000000   0.000000000000   1.564690000010 
    S 510.400000000000   1.841750999998   0.003460000005 
    S 510.400000000000   1.841750999998   3.125929999995 
   Mo 511.995000000000   2.762621000000   1.564690000010 
    S 511.995000000000   4.604371999998   0.003460000005 
    S 511.995000000000   4.604371999998   3.125929999995 
   Mo 513.590000000000   0.000000000000   1.564690000010 
    S 513.590000000000   1.841750999998   0.003460000005 
    S 513.590000000000   1.841750999998   3.125929999995 
   Mo 515.185000000000   2.762621000000   1.564690000010 
    S 515.185000000000   4.604371999998   0.003460000005 
    S 515.185000000000   4.604371999998   3.125929999995 
   Mo 516.780000000000   0.000000000000   1.564690000010 
    S 516.780000000000   1.841750999998   0.003460000005 
    S 516.780000000000   1.841750999998   3.125929999995 
   Mo 518.375000000000   2.762621000000   1.564690000010 
    S 518.375000000000   4.604371999998   0.003460000005 
    S 518.375000000000   4.604371999998   3.125929999995 
   Mo 519.970000000000   0.000000000000   1.564690000010 
    S 519.970000000000   1.841750999998   0.003460000005 
    S 519.970000000000   1.841750999998   3.125929999995 
   Mo 521.565000000000   2.762621000000   1.564690000010 
    S 521.565000000000   4.604371999998   0.003460000005 
    S 521.565000000000   4.604371999998   3.125929999995 
   Mo 523.160000000000   0.000000000000   1.564690000010 
    S 523.160000000000   1.841750999998   0.003460000005 
    S 523.160000000000   1.841750999998   3.125929999995 
   Mo 524.755000000000   2.762621000000   1.564690000010 
    S 524.755000000000   4.604371999998   0.003460000005 
    S 524.755000000000   4.604371999998   3.125929999995 
   Mo 526.350000000000   0.000000000000   1.564690000010 
    S 526.350000000000   1.841750999998   0.003460000005 
    S 526.350000000000   1.841750999998   3.125929999995 
   Mo 527.945000000000   2.762621000000   1.564690000010 
    S 527.945000000000   4.604371999998   0.003460000005 
    S 527.945000000000   4.604371999998   3.125929999995 
   Mo 529.540000000000   0.000000000000   1.564690000010 
    S 529.540000000000   1.841750999998   0.003460000005 
    S 529.540000000000   1.841750999998   3.125929999995 
   Mo 531.135000000000   2.762621000000   1.564690000010 
    S 531.135000000000   4.604371999998   0.003460000005 
    S 531.135000000000   4.604371999998   3.125929999995 
   Mo 532.730000000000   0.000000000000   1.564690000010 
    S 532.730000000000   1.841750999998   0.003460000005 
    S 532.730000000000   1.841750999998   3.125929999995 
   Mo 534.325000000000   2.762621000000   1.564690000010 
    S 534.325000000000   4.604371999998   0.003460000005 
    S 534.325000000000   4.604371999998   3.125929999995 
   Mo 535.920000000000   0.000000000000   1.564690000010 
    S 535.920000000000   1.841750999998   0.003460000005 
    S 535.920000000000   1.841750999998   3.125929999995 
   Mo 537.515000000000   2.762621000000   1.564690000010 
    S 537.515000000000   4.604371999998   0.003460000005 
    S 537.515000000000   4.604371999998   3.125929999995 
   Mo 539.110000000000   0.000000000000   1.564690000010 
    S 539.110000000000   1.841750999998   0.003460000005 
    S 539.110000000000   1.841750999998   3.125929999995 
   Mo 540.705000000000   2.762621000000   1.564690000010 
    S 540.705000000000   4.604371999998   0.003460000005 
    S 540.705000000000   4.604371999998   3.125929999995 
   Mo 542.300000000000   0.000000000000   1.564690000010 
    S 542.300000000000   1.841750999998   0.003460000005 
    S 542.300000000000   1.841750999998   3.125929999995 
   Mo 543.895000000000   2.762621000000   1.564690000010 
    S 543.895000000000   4.604371999998   0.003460000005 
    S 543.895000000000   4.604371999998   3.125929999995 
   Mo 545.490000000000   0.000000000000   1.564690000010 
    S 545.490000000000   1.841750999998   0.003460000005 
    S 545.490000000000   1.841750999998   3.125929999995 
   Mo 547.085000000000   2.762621000000   1.564690000010 
    S 547.085000000000   4.604371999998   0.003460000005 
    S 547.085000000000   4.604371999998   3.125929999995 
   Mo 548.680000000000   0.000000000000   1.564690000010 
    S 548.680000000000   1.841750999998   0.003460000005 
    S 548.680000000000   1.841750999998   3.125929999995 
   Mo 550.275000000000   2.762621000000   1.564690000010 
    S 550.275000000000   4.604371999998   0.003460000005 
    S 550.275000000000   4.604371999998   3.125929999995 
   Mo 551.870000000000   0.000000000000   1.564690000010 
    S 551.870000000000   1.841750999998   0.003460000005 
    S 551.870000000000   1.841750999998   3.125929999995 
   Mo 553.465000000000   2.762621000000   1.564690000010 
    S 553.465000000000   4.604371999998   0.003460000005 
    S 553.465000000000   4.604371999998   3.125929999995 
   Mo 555.060000000000   0.000000000000   1.564690000010 
    S 555.060000000000   1.841750999998   0.003460000005 
    S 555.060000000000   1.841750999998   3.125929999995 
   Mo 556.655000000000   2.762621000000   1.564690000010 
    S 556.655000000000   4.604371999998   0.003460000005 
    S 556.655000000000   4.604371999998   3.125929999995 
   Mo 558.250000000000   0.000000000000   1.564690000010 
    S 558.250000000000   1.841750999998   0.003460000005 
    S 558.250000000000   1.841750999998   3.125929999995 
   Mo 559.845000000000   2.762621000000   1.564690000010 
    S 559.845000000000   4.604371999998   0.003460000005 
    S 559.845000000000   4.604371999998   3.125929999995 
   Mo 561.440000000000   0.000000000000   1.564690000010 
    S 561.440000000000   1.841750999998   0.003460000005 
    S 561.440000000000   1.841750999998   3.125929999995 
   Mo 563.035000000000   2.762621000000   1.564690000010 
    S 563.035000000000   4.604371999998   0.003460000005 
    S 563.035000000000   4.604371999998   3.125929999995 
   Mo 564.630000000000   0.000000000000   1.564690000010 
    S 564.630000000000   1.841750999998   0.003460000005 
    S 564.630000000000   1.841750999998   3.125929999995 
   Mo 566.225000000000   2.762621000000   1.564690000010 
    S 566.225000000000   4.604371999998   0.003460000005 
    S 566.225000000000   4.604371999998   3.125929999995 
   Mo 567.820000000000   0.000000000000   1.564690000010 
    S 567.820000000000   1.841750999998   0.003460000005 
    S 567.820000000000   1.841750999998   3.125929999995 
   Mo 569.415000000000   2.762621000000   1.564690000010 
    S 569.415000000000   4.604371999998   0.003460000005 
    S 569.415000000000   4.604371999998   3.125929999995 
   Mo 571.010000000000   0.000000000000   1.564690000010 
    S 571.010000000000   1.841750999998   0.003460000005 
    S 571.010000000000   1.841750999998   3.125929999995 
   Mo 572.605000000000   2.762621000000   1.564690000010 
    S 572.605000000000   4.604371999998   0.003460000005 
    S 572.605000000000   4.604371999998   3.125929999995 
   Mo 574.200000000000   0.000000000000   1.564690000010 
    S 574.200000000000   1.841750999998   0.003460000005 
    S 574.200000000000   1.841750999998   3.125929999995 
   Mo 575.795000000000   2.762621000000   1.564690000010 
    S 575.795000000000   4.604371999998   0.003460000005 
    S 575.795000000000   4.604371999998   3.125929999995 
   Mo 577.390000000000   0.000000000000   1.564690000010 
    S 577.390000000000   1.841750999998   0.003460000005 
    S 577.390000000000   1.841750999998   3.125929999995 
   Mo 578.985000000000   2.762621000000   1.564690000010 
    S 578.985000000000   4.604371999998   0.003460000005 
    S 578.985000000000   4.604371999998   3.125929999995 
   Mo 580.580000000000   0.000000000000   1.564690000010 
    S 580.580000000000   1.841750999998   0.003460000005 
    S 580.580000000000   1.841750999998   3.125929999995 
   Mo 582.175000000000   2.762621000000   1.564690000010 
    S 582.175000000000   4.604371999998   0.003460000005 
    S 582.175000000000   4.604371999998   3.125929999995 
   Mo 583.770000000000   0.000000000000   1.564690000010 
    S 583.770000000000   1.841750999998   0.003460000005 
    S 583.770000000000   1.841750999998   3.125929999995 
   Mo 585.365000000000   2.762621000000   1.564690000010 
    S 585.365000000000   4.604371999998   0.003460000005 
    S 585.365000000000   4.604371999998   3.125929999995 
   Mo 586.960000000000   0.000000000000   1.564690000010 
    S 586.960000000000   1.841750999998   0.003460000005 
    S 586.960000000000   1.841750999998   3.125929999995 
   Mo 588.555000000000   2.762621000000   1.564690000010 
    S 588.555000000000   4.604371999998   0.003460000005 
    S 588.555000000000   4.604371999998   3.125929999995 
   Mo 590.150000000000   0.000000000000   1.564690000010 
    S 590.150000000000   1.841750999998   0.003460000005 
    S 590.150000000000   1.841750999998   3.125929999995 
   Mo 591.745000000000   2.762621000000   1.564690000010 
    S 591.745000000000   4.604371999998   0.003460000005 
    S 591.745000000000   4.604371999998   3.125929999995 
   Mo 593.340000000000   0.000000000000   1.564690000010 
    S 593.340000000000   1.841750999998   0.003460000005 
    S 593.340000000000   1.841750999998   3.125929999995 
   Mo 594.935000000000   2.762621000000   1.564690000010 
    S 594.935000000000   4.604371999998   0.003460000005 
    S 594.935000000000   4.604371999998   3.125929999995 
   Mo 596.530000000000   0.000000000000   1.564690000010 
    S 596.530000000000   1.841750999998   0.003460000005 
    S 596.530000000000   1.841750999998   3.125929999995 
   Mo 598.125000000000   2.762621000000   1.564690000010 
    S 598.125000000000   4.604371999998   0.003460000005 
    S 598.125000000000   4.604371999998   3.125929999995 
   Mo 599.720000000000   0.000000000000   1.564690000010 
    S 599.720000000000   1.841750999998   0.003460000005 
    S 599.720000000000   1.841750999998   3.125929999995 
   Mo 601.315000000000   2.762621000000   1.564690000010 
    S 601.315000000000   4.604371999998   0.003460000005 
    S 601.315000000000   4.604371999998   3.125929999995 
   Mo 602.910000000000   0.000000000000   1.564690000010 
    S 602.910000000000   1.841750999998   0.003460000005 
    S 602.910000000000   1.841750999998   3.125929999995 
   Mo 604.505000000000   2.762621000000   1.564690000010 
    S 604.505000000000   4.604371999998   0.003460000005 
    S 604.505000000000   4.604371999998   3.125929999995 
   Mo 606.100000000000   0.000000000000   1.564690000010 
    S 606.100000000000   1.841750999998   0.003460000005 
    S 606.100000000000   1.841750999998   3.125929999995 
   Mo 607.695000000000   2.762621000000   1.564690000010 
    S 607.695000000000   4.604371999998   0.003460000005 
    S 607.695000000000   4.604371999998   3.125929999995 
   Mo 609.290000000000   0.000000000000   1.564690000010 
    S 609.290000000000   1.841750999998   0.003460000005 
    S 609.290000000000   1.841750999998   3.125929999995 
   Mo 610.885000000000   2.762621000000   1.564690000010 
    S 610.885000000000   4.604371999998   0.003460000005 
    S 610.885000000000   4.604371999998   3.125929999995 
   Mo 612.480000000000   0.000000000000   1.564690000010 
    S 612.480000000000   1.841750999998   0.003460000005 
    S 612.480000000000   1.841750999998   3.125929999995 
   Mo 614.075000000000   2.762621000000   1.564690000010 
    S 614.075000000000   4.604371999998   0.003460000005 
    S 614.075000000000   4.604371999998   3.125929999995 
   Mo 615.670000000000   0.000000000000   1.564690000010 
    S 615.670000000000   1.841750999998   0.003460000005 
    S 615.670000000000   1.841750999998   3.125929999995 
   Mo 617.265000000000   2.762621000000   1.564690000010 
    S 617.265000000000   4.604371999998   0.003460000005 
    S 617.265000000000   4.604371999998   3.125929999995 
   Mo 618.860000000000   0.000000000000   1.564690000010 
    S 618.860000000000   1.841750999998   0.003460000005 
    S 618.860000000000   1.841750999998   3.125929999995 
   Mo 620.455000000000   2.762621000000   1.564690000010 
    S 620.455000000000   4.604371999998   0.003460000005 
    S 620.455000000000   4.604371999998   3.125929999995 
   Mo 622.050000000000   0.000000000000   1.564690000010 
    S 622.050000000000   1.841750999998   0.003460000005 
    S 622.050000000000   1.841750999998   3.125929999995 
   Mo 623.645000000000   2.762621000000   1.564690000010 
    S 623.645000000000   4.604371999998   0.003460000005 
    S 623.645000000000   4.604371999998   3.125929999995 
   Mo 625.240000000000   0.000000000000   1.564690000010 
    S 625.240000000000   1.841750999998   0.003460000005 
    S 625.240000000000   1.841750999998   3.125929999995 
   Mo 626.835000000000   2.762621000000   1.564690000010 
    S 626.835000000000   4.604371999998   0.003460000005 
    S 626.835000000000   4.604371999998   3.125929999995 
   Mo 628.430000000000   0.000000000000   1.564690000010 
    S 628.430000000000   1.841750999998   0.003460000005 
    S 628.430000000000   1.841750999998   3.125929999995 
   Mo 630.025000000000   2.762621000000   1.564690000010 
    S 630.025000000000   4.604371999998   0.003460000005 
    S 630.025000000000   4.604371999998   3.125929999995 
   Mo 631.620000000000   0.000000000000   1.564690000010 
    S 631.620000000000   1.841750999998   0.003460000005 
    S 631.620000000000   1.841750999998   3.125929999995 
   Mo 633.215000000000   2.762621000000   1.564690000010 
    S 633.215000000000   4.604371999998   0.003460000005 
    S 633.215000000000   4.604371999998   3.125929999995 
   Mo 634.810000000000   0.000000000000   1.564690000010 
    S 634.810000000000   1.841750999998   0.003460000005 
    S 634.810000000000   1.841750999998   3.125929999995 
   Mo 636.405000000000   2.762621000000   1.564690000010 
    S 636.405000000000   4.604371999998   0.003460000005 
    S 636.405000000000   4.604371999998   3.125929999995 

3.500000